-57.643299
-57.543301
-57.443302
-57.343296
-57.243298
-57.143299
-57.043301
-56.943302
-56.843296
-56.743298
-56.643299
-56.543301
-56.443302
-56.343304
-56.243301
-56.143303
-56.043304
-55.943302
-55.843304
-55.743301
-55.643303
-55.543304
-55.443302
-55.343304
-55.243301
-55.143303
-55.043304
-54.943302
-54.843304
-54.743301
-54.643303
-54.543304
-54.443302
-54.343304
-54.243301
-54.143303
-54.043304
-53.943302
-53.843304
-53.743301
-53.643303
-53.543304
-53.443302
-53.343304
-53.243301
-53.143303
-53.043304
-52.943302
-52.843304
-52.743301
-52.643303
-52.543304
-52.443302
-52.343304
-52.243301
-52.143303
-52.043304
-51.943302
-51.843304
-51.743301
-51.643303
-51.543304
-51.443302
-51.343304
-51.243301
-51.143303
-51.043304
-50.943302
-50.843304
-50.743301
-50.643303
-50.543304
-50.443302
-50.343304
-50.243301
-50.143303
-50.043304
-49.943302
-49.843304
-49.743301
-49.643303
-49.543304
-49.443302
-49.343304
-49.243301
-49.143303
-49.043304
-48.943302
-48.843304
-48.743301
-48.643303
-48.543304
-48.443302
-48.343304
-48.243301
-48.143303
-48.043304
-47.943302
-47.843304
-47.743301
-47.643303
-47.543304
-47.443302
-47.343304
-47.243301
-47.143303
-47.043304
-46.943302
-46.843304
-46.743301
-46.643303
-46.543304
-46.443302
-46.343304
-46.243301
-46.143303
-46.043304
-45.943302
-45.843304
-45.743301
-45.643303
-45.543304
-45.443302
-45.343304
-45.243301
-45.143303
-45.043304
-44.943302
-44.843304
-44.743301
-44.643303
-44.543304
-44.443302
-44.343304
-44.243301
-44.143303
-44.043304
-43.943302
-43.843304
-43.743301
-43.643303
-43.543304
-43.443302
-43.343304
-43.243301
-43.143303
-43.043304
-42.943302
-42.843304
-42.743301
-42.643303
-42.543304
-42.443302
-42.343304
-42.243301
-42.143303
-42.043304
-41.943302
-41.843304
-41.743301
-41.643303
-41.543304
-41.443302
-41.343300
-41.243301
-41.143303
-41.043304
-40.943302
-40.843300
-40.743301
-40.643303
-40.543304
-40.443302
-40.343300
-40.243301
-40.143303
-40.043304
-39.943302
-39.843300
-39.743301
-39.643303
-39.543304
-39.443302
-39.343300
-39.243301
-39.143303
-39.043304
-38.943302
-38.843300
-38.743301
-38.643303
-38.543304
-38.443302
-38.343300
-38.243301
-38.143303
-38.043304
-37.943302
-37.843300
-37.743301
-37.643303
-37.543304
-37.443302
-37.343300
-37.243301
-37.143303
-37.043304
-36.943302
-36.843300
-36.743301
-36.643303
-36.543304
-36.443302
-36.343300
-36.243301
-36.143303
-36.043304
-35.943302
-35.843300
-35.743301
-35.643303
-35.543304
-35.443302
-35.343300
-35.243301
-35.143303
-35.043304
-34.943302
-34.843300
-34.743301
-34.643303
-34.543304
-34.443302
-34.343300
-34.243301
-34.143303
-34.043304
-33.943302
-33.843300
-33.743301
-33.643303
-33.543304
-33.443302
-33.343300
-33.243301
-33.143303
-33.043304
-32.943302
-32.843300
-32.743301
-32.643303
-32.543304
-32.443302
-32.343300
-32.243301
-32.143303
-32.043304
-31.943304
-31.843302
-31.743303
-31.643305
-31.543306
-31.443304
-31.343302
-31.243303
-31.143305
-31.043306
-30.943304
-30.843302
-30.743303
-30.643305
-30.543306
-30.443304
-30.343302
-30.243303
-30.143305
-30.043306
-29.943304
-29.843302
-29.743303
-29.643305
-29.543306
-29.443304
-29.343302
-29.243303
-29.143305
-29.043306
-28.943304
-28.843302
-28.743303
-28.643305
-28.543306
-28.443304
-28.343302
-28.243303
-28.143305
-28.043306
-27.943304
-27.843302
-27.743303
-27.643305
-27.543306
-27.443304
-27.343302
-27.243303
-27.143305
-27.043306
-26.943304
-26.843302
-26.743303
-26.643305
-26.543306
-26.443304
-26.343302
-26.243303
-26.143305
-26.043306
-25.943304
-25.843302
-25.743303
-25.643305
-25.543302
-25.443304
-25.343306
-25.243303
-25.143305
-25.043302
-24.943304
-24.843306
-24.743303
-24.643305
-24.543302
-24.443304
-24.343306
-24.243303
-24.143305
-24.043302
-23.943304
-23.843306
-23.743303
-23.643305
-23.543302
-23.443304
-23.343306
-23.243303
-23.143305
-23.043302
-22.943304
-22.843306
-22.743303
-22.643305
-22.543302
-22.443304
-22.343306
-22.243303
-22.143305
-22.043302
-21.943304
-21.843306
-21.743303
-21.643305
-21.543302
-21.443304
-21.343306
-21.243303
-21.143305
-21.043302
-20.943304
-20.843306
-20.743303
-20.643305
-20.543302
-20.443304
-20.343306
-20.243303
-20.143305
-20.043302
-19.943304
-19.843306
-19.743303
-19.643305
-19.543302
-19.443304
-19.343306
-19.243303
-19.143305
-19.043302
-18.943304
-18.843306
-18.743303
-18.643305
-18.543302
-18.443304
-18.343306
-18.243303
-18.143305
-18.043302
-17.943304
-17.843306
-17.743303
-17.643305
-17.543302
-17.443304
-17.343306
-17.243303
-17.143305
-17.043302
-16.943304
-16.843306
-16.743303
-16.643305
-16.543302
-16.443304
-16.343306
-16.243303
-16.143305
-16.043302
-15.943304
-15.843306
-15.743303
-15.643305
-15.543302
-15.443304
-15.343306
-15.243303
-15.143305
-15.043302
-14.943304
-14.843306
-14.743303
-14.643305
-14.543302
-14.443304
-14.343306
-14.243303
-14.143305
-14.043302
-13.943304
-13.843306
-13.743303
-13.643305
-13.543302
-13.443304
-13.343306
-13.243303
-13.143305
-13.043302
-12.943304
-12.843306
-12.743303
-12.643305
-12.543302
-12.443304
-12.343306
-12.243303
-12.143305
-12.043302
-11.943304
-11.843306
-11.743303
-11.643305
-11.543302
-11.443304
-11.343306
-11.243303
-11.143305
-11.043302
-10.943304
-10.843306
-10.743303
-10.643305
-10.543302
-10.443304
-10.343306
-10.243303
-10.143305
-10.043302
-9.943304
-9.843306
-9.743303
-9.643305
-9.543303
-9.443304
-9.343306
-9.243303
-9.143305
-9.043303
-8.943304
-8.843306
-8.743303
-8.643305
-8.543303
-8.443302
-8.343304
-8.243301
-8.143303
-8.043301
-7.943303
-7.843304
-7.743302
-7.643303
-7.543301
-7.443303
-7.343304
-7.243302
-7.143303
-7.043301
-6.943303
-6.843304
-6.743302
-6.643303
-6.543301
-6.443303
-6.343304
-6.243302
-6.143303
-6.043301
-5.943303
-5.843304
-5.743302
-5.643303
-5.543301
-5.443303
-5.343304
-5.243302
-5.143303
-5.043301
-4.943303
-4.843304
-4.743302
-4.643303
-4.543301
-4.443303
-4.343304
-4.243302
-4.143303
-4.043301
-3.943303
-3.843304
-3.743302
-3.643303
-3.543301
-3.443303
-3.343304
-3.243302
-3.143303
-3.043301
-2.943303
-2.843304
-2.743302
-2.643303
-2.543301
-2.443303
-2.343304
-2.243302
-2.143303
-2.043301
-1.943303
-1.843304
-1.743302
-1.643303
-1.543301
-1.443303
-1.343304
-1.243302
-1.143303
-1.043301
-0.943303
-0.843304
-0.743302
-0.643303
-0.543301
-0.443303
-0.343304
-0.243302
-0.143303
-0.043301
0.056697
0.156696
0.256698
0.356697
0.456699
0.556697
0.656696
0.756698
0.856697
0.956699
1.056697
1.156696
1.256698
1.356697
1.456699
1.556697
1.656696
1.756698
1.856697
1.956699
2.056697
2.156696
2.256698
2.356697
2.456699
2.556697
2.656696
2.756698
2.856697
2.956699
3.056697
3.156696
3.256698
3.356697
3.456699
3.556697
3.656696
3.756698
3.856696
3.956699
4.056697
4.156695
4.256698
4.356696
4.456698
4.556697
4.656695
4.756698
4.856696
4.956698
5.056697
5.156695
5.256698
5.356696
5.456698
5.556697
5.656695
5.756698
5.856696
5.956698
6.056697
6.156695
6.256698
6.356696
6.456695
6.556701
6.656700
6.756698
6.856697
6.956695
7.056701
7.156700
7.256698
7.356697
7.456695
7.556701
7.656700
7.756698
7.856697
7.956695
8.056701
8.156699
8.256698
8.356696
8.456695
8.556701
8.656699
8.756698
8.856696
8.956695
9.056701
9.156699
9.256698
9.356696
9.456695
9.556701
9.656699
9.756698
9.856696
9.956695
10.056701
10.156699
10.256698
10.356696
10.456695
10.556701
10.656699
10.756698
10.856696
10.956695
11.056701
11.156699
11.256698
11.356696
11.456695
11.556702
11.656700
11.756699
11.856697
11.956696
12.056702
12.156700
12.256699
12.356697
12.456696
12.556702
12.656700
12.756699
12.856697
12.956696
13.056702
13.156700
13.256699
13.356697
13.456696
13.556702
13.656700
13.756699
13.856697
13.956696
14.056702
14.156700
14.256699
14.356697
14.456696
14.556702
14.656700
14.756699
14.856697
14.956696
15.056702
15.156700
15.256699
15.356697
15.456696
15.556702
15.656700
15.756699
15.856697
15.956696
16.056702
16.156700
16.256699
16.356697
16.456696
16.556702
16.656700
16.756699
16.856697
16.956696
17.056702
17.156700
17.256699
17.356697
17.456696
17.556702
17.656700
17.756699
17.856697
17.956696
18.056702
18.156700
18.256699
18.356697
18.456696
18.556702
18.656700
18.756699
18.856697
18.956696
19.056702
19.156700
19.256699
19.356697
19.456696
19.556702
19.656700
19.756699
19.856697
19.956696
20.056702
20.156700
20.256699
20.356697
20.456696
20.556702
20.656700
20.756699
20.856697
20.956696
21.056702
21.156700
21.256699
21.356697
21.456696
21.556702
21.656700
21.756699
21.856697
21.956696
22.056702
22.156700
22.256699
22.356697
22.456696
22.556702
22.656700
22.756699
22.856697
22.956696
23.056702
23.156700
23.256699
23.356697
23.456696
23.556700
23.656698
23.756697
23.856695
23.956694
24.056700
24.156698
24.256697
24.356695
24.456694
24.556700
24.656698
24.756697
24.856695
24.956694
25.056700
25.156698
25.256697
25.356695
25.456694
25.556700
25.656698
25.756697
25.856695
25.956694
26.056700
26.156698
26.256697
26.356695
26.456694
26.556700
26.656698
26.756697
26.856695
26.956694
27.056700
27.156698
27.256697
27.356695
27.456694
27.556700
27.656698
27.756697
27.856695
27.956694
28.056700
28.156698
28.256697
28.356695
28.456694
28.556700
28.656698
28.756697
28.856695
28.956694
29.056700
29.156698
29.256697
29.356695
29.456694
29.556700
29.656698
29.756697
29.856695
29.956694
30.056700
30.156698
30.256697
30.356695
30.456694
30.556700
30.656698
30.756697
30.856695
30.956694
31.056700
31.156698
31.256697
31.356695
31.456694
31.556700
31.656698
31.756697
31.856695
31.956694
32.056702
32.156700
32.256699
32.356697
32.456696
32.556702
32.656700
32.756699
32.856697
32.956696
33.056702
33.156700
33.256699
33.356697
33.456696
33.556702
33.656700
33.756699
33.856697
33.956696
34.056702
34.156700
34.256699
34.356697
34.456696
34.556702
34.656700
34.756699
34.856697
34.956696
35.056702
35.156700
35.256699
35.356697
35.456696
35.556702
35.656700
35.756699
35.856697
35.956696
36.056702
36.156700
36.256699
36.356697
36.456696
36.556702
36.656700
36.756699
36.856697
36.956696
37.056702
37.156700
37.256699
37.356697
37.456696
37.556702
37.656700
37.756699
37.856697
37.956696
38.056702
38.156700
38.256699
38.356697
38.456696
38.556702
38.656700
38.756699
38.856697
38.956696
39.056702
39.156700
39.256699
39.356697
39.456696
39.556702
39.656700
39.756699
39.856697
39.956696
40.056702
40.156700
40.256699
40.356697
40.456696
40.556702
40.656700
40.756699
40.856697
40.956696
41.056702
41.156700
41.256699
41.356697
41.456696
41.556702
41.656700
41.756699
41.856697
41.956696
42.056702
42.156700
42.256699
42.356697
42.456696
42.556702
42.656700
42.756699
42.856697
42.956696
43.056702
43.156700
43.256699
43.356697
43.456696
43.556702
43.656700
43.756699
43.856697
43.956696
44.056702
44.156700
44.256699
44.356697
44.456696
44.556702
44.656700
44.756699
44.856697
44.956696
45.056702
45.156700
45.256699
45.356697
45.456696
45.556702
45.656700
45.756699
45.856697
45.956696
46.056702
46.156700
46.256699
46.356697
46.456696
46.556702
46.656700
46.756699
46.856697
46.956696
47.056702
47.156700
47.256699
47.356697
47.456696
47.556702
47.656700
47.756699
47.856697
47.956696
48.056702
48.156700
48.256699
48.356697
48.456696
48.556702
48.656700
48.756699
48.856697
48.956696
49.056702
49.156700
49.256699
49.356697
49.456696
49.556702
49.656700
49.756699
49.856697
49.956696
50.056702
50.156700
50.256699
50.356697
50.456696
50.556702
50.656700
50.756699
50.856697
50.956696
51.056702
51.156700
51.256699
51.356697
51.456696
51.556702
51.656700
51.756699
51.856697
51.956696
52.056702
52.156700
52.256699
52.356697
52.456696
52.556702
52.656700
52.756699
52.856697
52.956696
53.056702
53.156700
53.256699
53.356697
53.456696
53.556702
53.656700
53.756699
53.856697
53.956696
54.056702
54.156700
54.256699
54.356697
54.456696
54.556702
54.656700
54.756699
54.856697
54.956696
55.056702
55.156700
55.256699
55.356697
55.456696
55.556702
55.656700
55.756699
55.856697
55.956696
56.056702
56.156700
56.256699
56.356697
56.456696
56.556702
56.656700
56.756699
56.856697
56.956696
57.056702
57.156700
57.256699
57.356697
57.456696
57.556702
57.656700
57.756699
57.856697
57.956696
58.056702
58.156700
58.256699
58.356697
58.456696
58.556702
58.656700
58.756699
58.856697
58.956696
59.056702
59.156700
59.256699
59.356697
59.456696
59.556702
59.656700
59.756699
59.856697
59.956696
60.056702
60.156700
60.256699
60.356697
60.456696
60.556702
60.656700
60.756699
60.856697
60.956696
61.056702
61.156700
61.256699
61.356697
61.456696
61.556702
61.656700
61.756699
61.856697
61.956696
62.056702
62.156700
62.256699
62.356697
62.456696
62.556702
62.656700
62.756699
62.856697
62.956696
63.056702
63.156700
63.256699
63.356697
63.456696
63.556702
63.656700
63.756699
63.856697
63.956696
64.056702
64.156700
64.256699
64.356697
64.456696
64.556702
64.656700
64.756699
64.856697
64.956696
65.056702
65.156700
65.256699
65.356697
65.456696
65.556702
65.656700
65.756699
65.856697
65.956696
66.056702
66.156700
66.256699
66.356697
66.456696
66.556702
66.656700
66.756699
66.856697
66.956696
67.056702
67.156700
67.256699
67.356697
67.456696
67.556702
67.656700
67.756699
67.856697
67.956696
68.056702
68.156700
68.256699
68.356697
68.456696
68.556702
68.656700
68.756699
68.856697
68.956696
69.056702
69.156700
69.256699
69.356697
69.456696
69.556702
69.656700
69.756699
69.856697
69.956696
70.056702
70.156700
70.256699
70.356697
70.456703
70.556694
70.656700
70.756706
70.856697
70.956703
71.056694
71.156700
71.256706
71.356697
71.456703
71.556694
71.656700
71.756706
71.856697
71.956703
72.056694
72.156700
72.256706
72.356697
72.456703
72.556694
72.656700
72.756706
72.856697
72.956703
73.056694
73.156700
73.256706
73.356697
73.456703
73.556694
73.656700
73.756706
73.856697
73.956703
74.056694
74.156700
74.256706
74.356697
74.456703
74.556694
74.656700
74.756706
74.856697
74.956703
75.056694
75.156700
75.256706
75.356697
75.456703
75.556694
75.656700
75.756706
75.856697
75.956703
76.056694
76.156700
76.256706
76.356697
76.456703
76.556694
76.656700
76.756706
76.856697
76.956703
77.056694
77.156700
77.256706
77.356697
77.456703
77.556694
77.656700
77.756706
77.856697
77.956703
78.056694
78.156700
78.256706
78.356697
78.456703
78.556694
78.656700
78.756706
78.856697
78.956703
79.056694
79.156700
79.256706
79.356697
79.456703
79.556694
79.656700
79.756706
79.856697
79.956703
80.056694
80.156700
80.256706
80.356697
80.456703
80.556694
80.656700
80.756706
80.856697
80.956703
81.056694
81.156700
81.256706
81.356697
81.456703
81.556694
81.656700
81.756706
81.856697
81.956703
82.056694
82.156700
82.256706
82.356697
82.456703
82.556694
82.656700
82.756706
82.856697
82.956703
83.056694
83.156700
83.256706
83.356697
83.456703
83.556694
83.656700
83.756706
83.856697
83.956703
84.056694
84.156700
84.256706
84.356697
84.456703
84.556694
84.656700
84.756706
84.856697
84.956703
85.056694
85.156700
85.256706
85.356697
85.456703
85.556694
85.656700
85.756706
85.856697
85.956703
86.056694
86.156700
86.256706
86.356697
86.456703
86.556694
86.656700
86.756706
86.856697
86.956703
87.056694
87.156700
87.256706
87.356697
87.456703
87.556694
87.656700
87.756706
87.856697
87.956703
88.056694
88.156700
88.256706
88.356697
88.456703
88.556694
88.656700
88.756706
88.856697
88.956703
89.056694
89.156700
89.256706
89.356697
89.456703
89.556694
89.656700
89.756706
89.856697
89.956703
90.056694
90.156700
90.256706
90.356697
90.456703
90.556694
90.656700
90.756706
90.856697
90.956703
91.056694
91.156700
91.256706
91.356697
91.456703
91.556694
91.656700
91.756706
91.856697
91.956703
92.056694
92.156700
92.256706
92.356697
92.456703
92.556694
92.656700
92.756706
92.856697
92.956703
93.056694
93.156700
93.256706
93.356697
93.456703
93.556694
93.656700
93.756706
93.856697
93.956703
94.056694
94.156700
94.256706
94.356697
94.456703
94.556694
94.656700
94.756706
94.856697
94.956703
95.056694
95.156700
95.256706
95.356697
95.456703
95.556694
95.656700
95.756706
95.856697
95.956703
96.056694
96.156700
96.256706
96.356697
96.456703
96.556694
96.656700
96.756706
96.856697
96.956703
97.056694
97.156700
97.256706
97.356697
97.456703
97.556694
97.656700
97.756706
97.856697
97.956703
98.056694
98.156700
98.256706
98.356697
98.456703
98.556694
98.656700
98.756706
98.856697
98.956703
99.056694
99.156700
99.256706
99.356697
99.456703
99.556694
99.656700
99.756706
99.856697
99.956703
100.056694
100.156700
100.256706
100.356697
100.456703
100.556694
100.656700
100.756706
100.856697
100.956703
101.056694
101.156700
101.256706
101.356697
101.456703
101.556694
101.656700
101.756706
101.856697
101.956703
102.056694
102.156700
102.256706
102.356697
102.456703
102.556694
102.656700
102.756706
102.856697
102.956703
103.056694
103.156700
103.256706
103.356697
103.456703
103.556694
103.656700
103.756706
103.856697
103.956703
104.056694
104.156700
104.256706
104.356697
104.456703
104.556694
104.656700
104.756706
104.856697
104.956703
105.056694
105.156700
105.256706
105.356697
105.456703
105.556694
105.656700
105.756706
105.856697
105.956703
106.056694
106.156700
106.256706
106.356697
106.456703
106.556694
106.656700
106.756706
106.856697
106.956703
107.056694
107.156700
107.256706
107.356697
107.456703
107.556694
107.656700
107.756706
107.856697
107.956703
108.056694
108.156700
108.256706
108.356697
108.456703
108.556694
108.656700
108.756706
108.856697
108.956703
109.056694
109.156700
109.256706
109.356697
109.456703
109.556694
109.656700
109.756706
109.856697
109.956703
110.056694
110.156700
110.256706
110.356697
110.456703
110.556694
110.656700
110.756706
110.856697
110.956703
111.056694
111.156700
111.256706
111.356697
111.456703
111.556694
111.656700
111.756706
111.856697
111.956703
112.056694
112.156700
112.256706
112.356697
112.456703
112.556694
112.656700
112.756706
112.856697
112.956703
113.056694
113.156700
113.256706
113.356697
113.456703
113.556694
113.656700
113.756706
113.856697
113.956703
114.056694
114.156700
114.256706
114.356697
114.456703
114.556694
114.656700
114.756706
114.856697
114.956703
115.056694
115.156700
115.256706
115.356697
115.456703
115.556694
115.656700
115.756706
115.856697
115.956703
116.056694
116.156700
116.256706
116.356697
116.456703
116.556694
116.656700
116.756706
116.856697
116.956703
117.056694
117.156700
117.256706
117.356697
117.456703
117.556694
117.656700
117.756706
117.856697
117.956703
118.056694
118.156700
118.256706
118.356697
118.456703
118.556694
118.656700
118.756706
118.856697
118.956703
119.056694
119.156700
119.256706
119.356697
119.456703
119.556694
119.656700
119.756706
119.856697
119.956703
120.056694
120.156700
120.256706
120.356697
120.456703
120.556694
120.656700
120.756706
120.856697
120.956703
121.056694
121.156700
121.256706
121.356697
121.456703
121.556694
121.656700
121.756706
121.856697
121.956703
122.056694
122.156700
122.256706
122.356697
122.456703
122.556694
122.656700
122.756706
122.856697
122.956703
123.056694
123.156700
123.256706
123.356697
123.456703
123.556694
123.656700
123.756706
123.856697
123.956703
124.056694
124.156700
124.256706
124.356697
124.456703
124.556694
124.656700
124.756706
124.856697
124.956703
125.056694
125.156700
125.256706
125.356697
125.456703
125.556694
125.656700
125.756706
125.856697
125.956703
126.056694
126.156700
126.256706
126.356697
126.456703
126.556694
126.656700
126.756706
126.856697
126.956703
127.056694
127.156700
127.256706
127.356697
127.456703
127.556694
127.656700
127.756706
127.856697
127.956703
128.056702
128.156708
128.256714
128.356705
128.456711
128.556702
128.656708
128.756714
128.856705
128.956711
129.056702
129.156708
129.256714
129.356705
129.456711
129.556702
129.656708
129.756714
129.856705
129.956711
130.056702
130.156708
130.256714
130.356705
130.456711
130.556702
130.656708
130.756714
130.856705
130.956711
131.056702
131.156708
131.256714
131.356705
131.456711
131.556702
131.656708
131.756714
131.856705
131.956711
132.056702
132.156708
132.256714
132.356705
132.456711
132.556702
132.656708
132.756714
132.856705
132.956711
133.056702
133.156708
133.256714
133.356705
133.456711
133.556702
133.656708
133.756714
133.856705
133.956711
134.056702
134.156708
134.256714
134.356705
134.456711
134.556702
134.656708
134.756714
134.856705
134.956711
135.056702
135.156708
135.256714
135.356705
135.456711
135.556702
135.656708
135.756714
135.856705
135.956711
136.056702
136.156708
136.256714
136.356705
136.456711
136.556702
136.656708
136.756714
136.856705
136.956711
137.056702
137.156708
137.256714
137.356705
137.456711
137.556702
137.656708
137.756714
137.856705
137.956711
138.056702
138.156708
138.256714
138.356705
138.456711
138.556702
138.656708
138.756714
138.856705
138.956711
139.056702
139.156708
139.256714
139.356705
139.456711
139.556702
139.656708
139.756714
139.856705
139.956711
140.056702
140.156708
140.256714
140.356705
140.456711
140.556702
140.656708
140.756714
140.856705
140.956711
141.056702
141.156708
141.256714
141.356705
141.456711
141.556702
141.656708
141.756714
141.856705
141.956711
142.056702
142.156708
142.256714
142.356705
142.456711
142.556702
142.656708
142.756714
142.856705
142.956711
143.056702
143.156708
143.256714
143.356705
143.456711
143.556702
143.656708
143.756714
143.856705
143.956711
144.056702
144.156708
144.256714
144.356705
144.456711
144.556702
144.656708
144.756714
144.856705
144.956711
145.056702
145.156708
145.256714
145.356705
145.456711
145.556702
145.656708
145.756714
145.856705
145.956711
146.056702
146.156708
146.256714
146.356705
146.456711
146.556702
146.656708
146.756714
146.856705
146.956711
147.056702
147.156708
147.256714
147.356705
147.456711
147.556702
147.656708
147.756714
147.856705
147.956711
148.056702
148.156708
148.256714
148.356705
148.456711
148.556702
148.656708
148.756714
148.856705
148.956711
149.056702
149.156708
149.256714
149.356705
149.456711
149.556702
149.656708
149.756714
149.856705
149.956711
150.056702
150.156708
150.256714
150.356705
150.456711
150.556702
150.656708
150.756714
150.856705
150.956711
151.056702
151.156708
151.256714
151.356705
151.456711
151.556702
151.656708
151.756714
151.856705
151.956711
152.056702
152.156708
152.256714
152.356705
152.456711
152.556702
152.656708
152.756714
152.856705
152.956711
153.056702
153.156708
153.256714
153.356705
153.456711
153.556702
153.656708
153.756714
153.856705
153.956711
154.056702
154.156708
154.256714
154.356705
154.456711
154.556702
154.656708
154.756714
154.856705
154.956711
155.056702
155.156708
155.256714
155.356705
155.456711
155.556702
155.656708
155.756714
155.856705
155.956711
156.056702
156.156708
156.256714
156.356705
156.456711
156.556702
156.656708
156.756714
156.856705
156.956711
157.056702
157.156708
157.256714
157.356705
157.456711
157.556702
157.656708
157.756714
157.856705
157.956711
158.056702
158.156708
158.256714
158.356705
158.456711
158.556702
158.656708
158.756714
158.856705
158.956711
159.056702
159.156708
159.256714
159.356705
159.456711
159.556702
159.656708
159.756714
159.856705
159.956711
160.056702
160.156708
160.256714
160.356705
160.456711
160.556702
160.656708
160.756714
160.856705
160.956711
161.056702
161.156708
161.256714
161.356705
161.456711
161.556702
161.656708
161.756714
161.856705
161.956711
162.056702
162.156708
162.256714
162.356705
162.456711
162.556702
162.656708
162.756714
162.856705
162.956711
163.056702
163.156708
163.256714
163.356705
163.456711
163.556702
163.656708
163.756714
163.856705
163.956711
164.056702
164.156708
164.256714
164.356705
164.456711
164.556702
164.656708
164.756714
164.856705
164.956711
165.056702
165.156708
165.256714
165.356705
165.456711
165.556702
165.656708
165.756714
165.856705
165.956711
166.056702
166.156708
166.256714
166.356705
166.456711
166.556702
166.656708
166.756714
166.856705
166.956711
167.056702
167.156708
167.256714
167.356705
167.456711
167.556702
167.656708
167.756714
167.856705
167.956711
168.056702
168.156708
168.256714
168.356705
168.456711
168.556702
168.656708
168.756714
168.856705
168.956711
169.056702
169.156708
169.256714
169.356705
169.456711
169.556702
169.656708
169.756714
169.856705
169.956711
170.056702
170.156708
170.256714
170.356705
170.456711
170.556702
170.656708
170.756714
170.856705
170.956711
171.056702
171.156708
171.256714
171.356705
171.456711
171.556702
171.656708
171.756714
171.856705
171.956711
172.056702
172.156708
172.256714
172.356705
172.456711
172.556702
172.656708
172.756714
172.856705
172.956711
173.056702
173.156708
173.256714
173.356705
173.456711
173.556702
173.656708
173.756714
173.856705
173.956711
174.056702
174.156708
174.256714
174.356705
174.456711
174.556702
174.656708
174.756714
174.856705
174.956711
175.056702
175.156708
175.256714
175.356705
175.456711
175.556702
175.656708
175.756714
175.856705
175.956711
176.056702
176.156708
176.256714
176.356705
176.456711
176.556702
176.656708
176.756714
176.856705
176.956711
177.056702
177.156708
177.256714
177.356705
177.456711
177.556702
177.656708
177.756714
177.856705
177.956711
178.056702
178.156708
178.256714
178.356705
178.456711
178.556702
178.656708
178.756714
178.856705
178.956711
179.056702
179.156708
179.256714
179.356705
179.456711
179.556702
179.656708
179.756714
179.856705
179.956711
180.056702
180.156708
180.256714
180.356705
180.456711
180.556702
180.656708
180.756714
180.856705
180.956711
181.056702
181.156708
181.256714
181.356705
181.456711
181.556702
181.656708
181.756714
181.856705
181.956711
182.056702
182.156708
182.256714
182.356705
182.456711
182.556702
182.656708
182.756714
182.856705
182.956711
183.056702
183.156708
183.256714
183.356705
183.456711
183.556702
183.656708
183.756714
183.856705
183.956711
184.056702
184.156708
184.256714
184.356705
184.456711
184.556702
184.656708
184.756714
184.856705
184.956711
185.056702
185.156708
185.256714
185.356705
185.456711
185.556702
185.656708
185.756714
185.856705
185.956711
186.056702
186.156708
186.256714
186.356705
186.456711
186.556702
186.656708
186.756714
186.856705
186.956711
187.056702
187.156708
187.256714
187.356705
187.456711
187.556702
187.656708
187.756714
187.856705
187.956711
188.056702
188.156708
188.256714
188.356705
188.456711
188.556702
188.656708
188.756714
188.856705
188.956711
189.056702
189.156708
189.256714
189.356705
189.456711
189.556702
189.656708
189.756714
189.856705
189.956711
190.056702
190.156708
190.256714
190.356705
190.456711
190.556702
190.656708
190.756714
190.856705
190.956711
191.056702
191.156708
191.256714
191.356705
191.456711
191.556702
191.656708
191.756714
191.856705
191.956711
192.056702
192.156708
192.256714
192.356705
192.456711
192.556702
192.656708
192.756714
192.856705
192.956711
193.056702
193.156708
193.256714
193.356705
193.456711
193.556702
193.656708
193.756714
193.856705
193.956711
194.056702
194.156708
194.256714
194.356705
194.456711
194.556702
194.656708
194.756714
194.856705
194.956711
195.056702
195.156708
195.256714
195.356705
195.456711
195.556702
195.656708
195.756714
195.856705
195.956711
196.056702
196.156708
196.256714
196.356705
196.456711
196.556702
196.656708
196.756714
196.856705
196.956711
197.056702
197.156708
197.256714
197.356705
197.456711
197.556702
197.656708
197.756714
197.856705
197.956711
198.056702
198.156708
198.256714
198.356705
198.456711
198.556717
198.656723
198.756699
198.856705
198.956711
199.056717
199.156723
199.256699
199.356705
199.456711
199.556717
199.656723
199.756699
199.856705
199.956711
200.056717
200.156723
200.256699
200.356705
200.456711
200.556717
200.656723
200.756699
200.856705
200.956711
201.056717
201.156723
201.256699
201.356705
201.456711
201.556717
201.656723
201.756699
201.856705
201.956711
202.056717
202.156723
202.256699
202.356705
202.456711
202.556717
202.656723
202.756699
202.856705
202.956711
203.056717
203.156723
203.256699
203.356705
203.456711
203.556717
203.656723
203.756699
203.856705
203.956711
204.056717
204.156723
204.256699
204.356705
204.456711
204.556717
204.656723
204.756699
204.856705
204.956711
205.056717
205.156723
205.256699
205.356705
205.456711
205.556717
205.656723
205.756699
205.856705
205.956711
206.056717
206.156723
206.256699
206.356705
206.456711
206.556717
206.656723
206.756699
206.856705
206.956711
207.056717
207.156723
207.256699
207.356705
207.456711
